nx = 41
ny = 10
x= -2 -1.9 -1.8 -1.7 -1.6 -1.5 -1.4 -1.3 -1.2 -1.1 -1 -0.9 -0.8 -0.7 -0.6 -0.5 -0.4 -0.3 -0.2 -0.1 0 0.1 0.2 0.3 0.4 0.5 0.6 0.7 0.8 0.9 1 1.1 1.2 1.3 1.4 1.5 1.6 1.7 1.8 1.9 2 
y[-2] =-16.2528 -12.4966 7.2973 -1.044 -23.1351 -4.91375 -38.8679 -1.71512 -29.9965 -8.76051 
y[-1.9] =-20.5548 -25.0025 -49.1358 -35.9113 -1.44807 -2.95197 -50.1493 -16.4419 -22.287 -39.1368 
y[-1.8] =-58.145 -31.388 -47.139 -52.1709 -36.6058 -60.9519 -48.925 -49.2913 -24.9227 -41.4635 
y[-1.7] =-61.1798 -67.1315 -94.4224 -47.7875 -67.9472 -74.9008 -74.5522 -78.8243 -57.3247 -84.9424 
y[-1.6] =-59.1152 -107.44 -55.4144 -106.93 -48.2999 -60.9086 -82.6545 -80.9928 -90.1655 -68.6391 
y[-1.5] =-78.41 -88.7778 -60.8725 -64.4634 -63.6737 -75.2002 -62.0522 -77.4247 -61.7403 -41.7007 
y[-1.4] =-69.5639 -51.5346 -97.3832 -62.444 -69.005 -68.2672 -67.3888 -80.122 -67.7405 -66.7554 
y[-1.3] =-20.5209 -39.72 -58.4264 -43.4122 -45.5914 -27.1404 -62.0319 -37.8269 -40.3229 -48.1595 
y[-1.2] =-24.3143 -33.4348 -10.8846 -37.9638 -13.3465 -15.0871 1.75719 -18.2612 -33.9141 -24.7444 
y[-1.1] =-36.8914 -2.36692 -8.26458 -14.6407 -9.20905 -10.933 -22.0089 5.77602 -35.03 2.10727 
y[-1] =25.1625 1.26959 26.6698 14.7661 8.22589 26.2341 14.3708 13.734 14.8164 9.64626 
y[-0.9] =24.2052 24.3266 28.2133 42.5303 40.2689 32.5677 23.4348 23.2439 38.472 30.1165 
y[-0.8] =50.4953 54.8438 54.8476 68.0992 54.788 45.0375 65.8116 66.2317 52.0554 75.543 
y[-0.7] =88.3978 71.6178 71.5209 69.603 80.5508 79.5373 74.8478 78.3985 71.3816 78.4481 
y[-0.6] =84.6464 82.0869 91.6128 86.5041 83.2946 90.6082 88.1611 82.178 93.6962 77.6155 
y[-0.5] =82.8681 87.3374 89.582 94.3158 92.147 94.069 89.966 88.087 84.6811 88.7382 
y[-0.4] =85.8568 85.0786 81.9299 84.82 84.4832 84.6268 83.4709 85.8094 88.1982 84.4286 
y[-0.3] =72.201 72.1849 72.2072 72.1937 72.197 72.2038 72.2063 72.1998 72.2043 72.1941 
y[-0.2] =53.2766 49.2036 52.8665 52.3398 53.1798 52.3932 57.1399 54.8255 49.8357 51.2584 
y[-0.1] =30.8113 30.6229 28.9886 27.055 33.6996 30.1832 26.1848 21.714 28.8367 27.799 
y[0] =1.87762 6.36974 7.67827 4.23112 -3.1746 -5.21817 7.49572 -2.60832 2.33135 7.58816 
y[0.1] =-16.5685 -24.6996 -29.7109 -20.1042 -32.307 -35.4358 -28.3601 -36.3201 -35.7543 -32.558 
y[0.2] =-40.1105 -56.4782 -45.8157 -31.8015 -53.1344 -59.809 -37.7435 -50.2994 -45.0342 -52.9366 
y[0.3] =-84.4132 -70.813 -63.2431 -82.3691 -79.2592 -84.4518 -66.4261 -61.1897 -76.509 -89.8684 
y[0.4] =-77.3423 -89.1857 -84.5946 -88.005 -97.5516 -107.14 -54.7483 -69.6596 -82.572 -86.2527 
y[0.5] =-99.7429 -76.7829 -102.41 -100.33 -120.92 -100.538 -97.6522 -93.16 -108.615 -103.562 
y[0.6] =-84.2232 -89.6186 -125.143 -100.877 -89.1098 -77.3739 -117.328 -108.629 -104.625 -93.2666 
y[0.7] =-89.1161 -89.235 -94.4088 -61.092 -78.9339 -72.5515 -77.9585 -77.1404 -88.3292 -93.7171 
y[0.8] =-73.3774 -70.9602 -80.7943 -80.334 -84.3289 -54.6749 -61.2517 -48.607 -75.1712 -81.729 
y[0.9] =-49.3643 -22.0588 -34.2922 -56.5431 -52.8843 -30.0479 -19.9511 -47.2303 -21.5615 -72.9958 
y[1] =-26.8561 -29.1531 -14.6502 -15.4452 -0.33315 -7.1316 -12.5374 -33.5961 -59.9602 -7.30777 
y[1.1] =10.3923 26.1911 8.90374 0.116707 35.5609 29.3262 7.95788 -11.3185 2.205 2.84689 
y[1.2] =49.0979 51.7395 48.9839 37.108 29.4371 2.07751 28.4034 45.5568 76.2853 45.4176 
y[1.3] =4.71816 67.8849 56.4355 45.5676 53.324 61.0934 39.7337 42.1353 79.1943 63.0534 
y[1.4] =83.0353 66.9395 58.9085 45.36 82.5159 42.547 89.6368 74.447 68.1118 63.3061 
y[1.5] =60.7206 98.8704 66.3841 89.4211 74.6335 83.5407 71.5306 75.4125 56.5379 91.4511 
y[1.6] =71.7033 66.5375 53.0962 96.5454 95.3478 74.4576 63.1453 30.8859 76.6929 88.9985 
y[1.7] =71.4998 43.3552 65.6015 55.5774 47.7845 46.5035 72.1909 69.4498 38.6301 84.7237 
y[1.8] =59.9761 88.4585 32.8027 63.0538 53.5845 52.6318 48.1214 83.6612 35.3516 67.0221 
y[1.9] =30.5578 36.5529 34.1332 37.3578 29.0006 37.8389 33.6753 49.1811 33.0248 40.2016 
y[2] =21.276 18.4781 6.78533 18.3605 49.2598 18.0548 2.22091 48.536 18.0571 15.4723 
